c350
0000
0000
0000
0000
0000
0000
0000
0000
0000
0000
0000
0000
0000
0000
0000
0000
0000
0000
0000
0000
0000
0000
0000
0000
0000
0000
0000
0000
0000
0000
0000
0000
0000
0000
0000
0000
0000
0000
0000
0000
0000
0000
0000
0000
0000
0000
0000
0000
0000
0000
0000
0000
0000
0000
0000
0000
0000
0000
0000
0000
0000
0000
0000
0000
0000
0000
0000
0000
0000
0000
0000
0000
0000
0000
0000
0000
0000
0000
0000
0000
0000
0000
0000
0000
0000
0000
0000
0000
0000
0000
0000
0000
0000
0000
0000
0000
0000
0000
0000
0000
0000
0000
0000
0000
0000
0000
0000
0000
0000
0000
0000
0000
0000
0000
0000
0000
0000
0000
0000
0000
0000
0000
0000
0000
0000
0000
0000
3000
3101
3202
3a10
2300
1400
1500
1600
1700
1800
1903
8901
b08f
5701
a08b
570a
1907
9901
9909
5709
6700
c0b4
1807
680a
7501
7601
1906
1b01
9909
9b0b
990b
afc3
6e09
d0a3
a0a7
1b04
8b07
6b09
d0b2
5501
5601
afd0
630e
1b06
5601
7b07
640b
c0b1
a0b2
6301
6702
a094
3303
3404
3908
3b0c
1605
1705
1805
8604
8709
880b
f800
f701
f602
f503
0000
6800
c0c8
1e03
8e08
ef00
3d00
6d08
1e03
7e0d
ef00
6800
c0d2
1e06
7e08
ef00
3d00
6d08
1e06
8e0d
ef00
0000
0000
0000
0000
0000
0000
0000
0000
0000
0000
0000
0000
0000
0000
0000
0000
0000
0000
0000
0000
0000
0000
0000
0000
0000
0000
0000
0000
0000
0000
0000
0000
0000
0000
0000
0000
0000
0000
0000
0000
0000