c350
0000
0000
0000
0000
0000
0000
0000
0000
0000
0000
0000
0000
0000
0000
0000
0000
0000
0000
0000
0000
0000
0000
0000
0000
0000
0000
0000
0000
0000
0000
0000
0000
0000
0000
0000
0000
0000
0000
0000
0000
0000
0000
0000
0000
0000
0000
0000
0000
0000
0000
0000
0000
0000
0000
0000
0000
0000
0000
0000
0000
0000
0000
0000
0000
0000
0000
0000
0000
0000
0000
0000
0000
0000
0000
0000
0000
0000
0000
0000
0000
0000
0000
0000
0000
0000
0000
0000
0000
0000
0000
0000
0000
0000
0000
0000
0000
0000
0000
0000
0000
0000
0000
0000
0000
0000
0000
0000
0000
0000
0000
0000
0000
0000
0000
0000
0000
0000
0000
0000
0000
0000
0000
0000
0000
0000
0000
0000
3000
3101
3210
2300
1400
1500
1600
1700
1800
1900
1a00
1b00
1c00
1d03
8d01
b092
5701
a08e
5702
1d07
9d01
9d0d
570d
6700
c0b7
1807
afee
6802
7501
7601
afda
afdf
afc6
afe5
afe8
690b
d0b4
b0a7
a0a9
6a0c
d0b4
5501
5601
afd0
630d
1d06
7d07
640d
d0b2
a0b3
6301
5601
afec
6702
a097
1005
3404
3808
3c0c
1100
1200
1300
8104
8208
830c
f000
f101
f202
f303
0000
6800
c0cb
1d03
8d08
ef00
3e00
6e08
1d03
7d0e
ef00
6800
c0d5
1d06
7d08
ef00
3e00
6e08
1d06
8d0e
ef00
d0dd
1b00
ef00
1b01
ef00
1c06
1d01
9c0c
9d0d
9c0d
ef00
1903
8907
ef00
1a04
8a07
5a0d
ef00
3202
ef00
3210
ef00
0000
0000
0000
0000
0000
0000
0000
0000
0000
0000
0000
0000
0000
0000
0000
0000
